%%MatrixMarket matrix coordinate  real general
1000 1000 2998
1 1 2.00000000000000000e+00
2 1 -1.00000000000000000e+00
1 2 -1.00000000000000000e+00
2 2 4.00000000000000000e+00
3 2 -2.00000000000000000e+00
2 3 -2.00000000000000000e+00
3 3 6.00000000000000000e+00
4 3 -3.00000000000000000e+00
3 4 -3.00000000000000000e+00
4 4 8.00000000000000000e+00
5 4 -4.00000000000000000e+00
4 5 -4.00000000000000000e+00
5 5 1.00000000000000000e+01
6 5 -5.00000000000000000e+00
5 6 -5.00000000000000000e+00
6 6 1.20000000000000000e+01
7 6 -6.00000000000000000e+00
6 7 -6.00000000000000000e+00
7 7 1.40000000000000000e+01
8 7 -7.00000000000000000e+00
7 8 -7.00000000000000000e+00
8 8 1.60000000000000000e+01
9 8 -8.00000000000000000e+00
8 9 -8.00000000000000000e+00
9 9 1.80000000000000000e+01
10 9 -9.00000000000000000e+00
9 10 -9.00000000000000000e+00
10 10 2.00000000000000000e+01
11 10 -1.00000000000000000e+01
10 11 -1.00000000000000000e+01
11 11 2.20000000000000000e+01
12 11 -1.10000000000000000e+01
11 12 -1.10000000000000000e+01
12 12 2.40000000000000000e+01
13 12 -1.20000000000000000e+01
12 13 -1.20000000000000000e+01
13 13 2.60000000000000000e+01
14 13 -1.30000000000000000e+01
13 14 -1.30000000000000000e+01
14 14 2.80000000000000000e+01
15 14 -1.40000000000000000e+01
14 15 -1.40000000000000000e+01
15 15 3.00000000000000000e+01
16 15 -1.50000000000000000e+01
15 16 -1.50000000000000000e+01
16 16 3.20000000000000000e+01
17 16 -1.60000000000000000e+01
16 17 -1.60000000000000000e+01
17 17 3.40000000000000000e+01
18 17 -1.70000000000000000e+01
17 18 -1.70000000000000000e+01
18 18 3.60000000000000000e+01
19 18 -1.80000000000000000e+01
18 19 -1.80000000000000000e+01
19 19 3.80000000000000000e+01
20 19 -1.90000000000000000e+01
19 20 -1.90000000000000000e+01
20 20 4.00000000000000000e+01
21 20 -2.00000000000000000e+01
20 21 -2.00000000000000000e+01
21 21 4.20000000000000000e+01
22 21 -2.10000000000000000e+01
21 22 -2.10000000000000000e+01
22 22 4.40000000000000000e+01
23 22 -2.20000000000000000e+01
22 23 -2.20000000000000000e+01
23 23 4.60000000000000000e+01
24 23 -2.30000000000000000e+01
23 24 -2.30000000000000000e+01
24 24 4.80000000000000000e+01
25 24 -2.40000000000000000e+01
24 25 -2.40000000000000000e+01
25 25 5.00000000000000000e+01
26 25 -2.50000000000000000e+01
25 26 -2.50000000000000000e+01
26 26 5.20000000000000000e+01
27 26 -2.60000000000000000e+01
26 27 -2.60000000000000000e+01
27 27 5.40000000000000000e+01
28 27 -2.70000000000000000e+01
27 28 -2.70000000000000000e+01
28 28 5.60000000000000000e+01
29 28 -2.80000000000000000e+01
28 29 -2.80000000000000000e+01
29 29 5.80000000000000000e+01
30 29 -2.90000000000000000e+01
29 30 -2.90000000000000000e+01
30 30 6.00000000000000000e+01
31 30 -3.00000000000000000e+01
30 31 -3.00000000000000000e+01
31 31 6.20000000000000000e+01
32 31 -3.10000000000000000e+01
31 32 -3.10000000000000000e+01
32 32 6.40000000000000000e+01
33 32 -3.20000000000000000e+01
32 33 -3.20000000000000000e+01
33 33 6.60000000000000000e+01
34 33 -3.30000000000000000e+01
33 34 -3.30000000000000000e+01
34 34 6.80000000000000000e+01
35 34 -3.40000000000000000e+01
34 35 -3.40000000000000000e+01
35 35 7.00000000000000000e+01
36 35 -3.50000000000000000e+01
35 36 -3.50000000000000000e+01
36 36 7.20000000000000000e+01
37 36 -3.60000000000000000e+01
36 37 -3.60000000000000000e+01
37 37 7.40000000000000000e+01
38 37 -3.70000000000000000e+01
37 38 -3.70000000000000000e+01
38 38 7.60000000000000000e+01
39 38 -3.80000000000000000e+01
38 39 -3.80000000000000000e+01
39 39 7.80000000000000000e+01
40 39 -3.90000000000000000e+01
39 40 -3.90000000000000000e+01
40 40 8.00000000000000000e+01
41 40 -4.00000000000000000e+01
40 41 -4.00000000000000000e+01
41 41 8.20000000000000000e+01
42 41 -4.10000000000000000e+01
41 42 -4.10000000000000000e+01
42 42 8.40000000000000000e+01
43 42 -4.20000000000000000e+01
42 43 -4.20000000000000000e+01
43 43 8.60000000000000000e+01
44 43 -4.30000000000000000e+01
43 44 -4.30000000000000000e+01
44 44 8.80000000000000000e+01
45 44 -4.40000000000000000e+01
44 45 -4.40000000000000000e+01
45 45 9.00000000000000000e+01
46 45 -4.50000000000000000e+01
45 46 -4.50000000000000000e+01
46 46 9.20000000000000000e+01
47 46 -4.60000000000000000e+01
46 47 -4.60000000000000000e+01
47 47 9.40000000000000000e+01
48 47 -4.70000000000000000e+01
47 48 -4.70000000000000000e+01
48 48 9.60000000000000000e+01
49 48 -4.80000000000000000e+01
48 49 -4.80000000000000000e+01
49 49 9.80000000000000000e+01
50 49 -4.90000000000000000e+01
49 50 -4.90000000000000000e+01
50 50 1.00000000000000000e+02
51 50 -5.00000000000000000e+01
50 51 -5.00000000000000000e+01
51 51 1.02000000000000000e+02
52 51 -5.10000000000000000e+01
51 52 -5.10000000000000000e+01
52 52 1.04000000000000000e+02
53 52 -5.20000000000000000e+01
52 53 -5.20000000000000000e+01
53 53 1.06000000000000000e+02
54 53 -5.30000000000000000e+01
53 54 -5.30000000000000000e+01
54 54 1.08000000000000000e+02
55 54 -5.40000000000000000e+01
54 55 -5.40000000000000000e+01
55 55 1.10000000000000000e+02
56 55 -5.50000000000000000e+01
55 56 -5.50000000000000000e+01
56 56 1.12000000000000000e+02
57 56 -5.60000000000000000e+01
56 57 -5.60000000000000000e+01
57 57 1.14000000000000000e+02
58 57 -5.70000000000000000e+01
57 58 -5.70000000000000000e+01
58 58 1.16000000000000000e+02
59 58 -5.80000000000000000e+01
58 59 -5.80000000000000000e+01
59 59 1.18000000000000000e+02
60 59 -5.90000000000000000e+01
59 60 -5.90000000000000000e+01
60 60 1.20000000000000000e+02
61 60 -6.00000000000000000e+01
60 61 -6.00000000000000000e+01
61 61 1.22000000000000000e+02
62 61 -6.10000000000000000e+01
61 62 -6.10000000000000000e+01
62 62 1.24000000000000000e+02
63 62 -6.20000000000000000e+01
62 63 -6.20000000000000000e+01
63 63 1.26000000000000000e+02
64 63 -6.30000000000000000e+01
63 64 -6.30000000000000000e+01
64 64 1.28000000000000000e+02
65 64 -6.40000000000000000e+01
64 65 -6.40000000000000000e+01
65 65 1.30000000000000000e+02
66 65 -6.50000000000000000e+01
65 66 -6.50000000000000000e+01
66 66 1.32000000000000000e+02
67 66 -6.60000000000000000e+01
66 67 -6.60000000000000000e+01
67 67 1.34000000000000000e+02
68 67 -6.70000000000000000e+01
67 68 -6.70000000000000000e+01
68 68 1.36000000000000000e+02
69 68 -6.80000000000000000e+01
68 69 -6.80000000000000000e+01
69 69 1.38000000000000000e+02
70 69 -6.90000000000000000e+01
69 70 -6.90000000000000000e+01
70 70 1.40000000000000000e+02
71 70 -7.00000000000000000e+01
70 71 -7.00000000000000000e+01
71 71 1.42000000000000000e+02
72 71 -7.10000000000000000e+01
71 72 -7.10000000000000000e+01
72 72 1.44000000000000000e+02
73 72 -7.20000000000000000e+01
72 73 -7.20000000000000000e+01
73 73 1.46000000000000000e+02
74 73 -7.30000000000000000e+01
73 74 -7.30000000000000000e+01
74 74 1.48000000000000000e+02
75 74 -7.40000000000000000e+01
74 75 -7.40000000000000000e+01
75 75 1.50000000000000000e+02
76 75 -7.50000000000000000e+01
75 76 -7.50000000000000000e+01
76 76 1.52000000000000000e+02
77 76 -7.60000000000000000e+01
76 77 -7.60000000000000000e+01
77 77 1.54000000000000000e+02
78 77 -7.70000000000000000e+01
77 78 -7.70000000000000000e+01
78 78 1.56000000000000000e+02
79 78 -7.80000000000000000e+01
78 79 -7.80000000000000000e+01
79 79 1.58000000000000000e+02
80 79 -7.90000000000000000e+01
79 80 -7.90000000000000000e+01
80 80 1.60000000000000000e+02
81 80 -8.00000000000000000e+01
80 81 -8.00000000000000000e+01
81 81 1.62000000000000000e+02
82 81 -8.10000000000000000e+01
81 82 -8.10000000000000000e+01
82 82 1.64000000000000000e+02
83 82 -8.20000000000000000e+01
82 83 -8.20000000000000000e+01
83 83 1.66000000000000000e+02
84 83 -8.30000000000000000e+01
83 84 -8.30000000000000000e+01
84 84 1.68000000000000000e+02
85 84 -8.40000000000000000e+01
84 85 -8.40000000000000000e+01
85 85 1.70000000000000000e+02
86 85 -8.50000000000000000e+01
85 86 -8.50000000000000000e+01
86 86 1.72000000000000000e+02
87 86 -8.60000000000000000e+01
86 87 -8.60000000000000000e+01
87 87 1.74000000000000000e+02
88 87 -8.70000000000000000e+01
87 88 -8.70000000000000000e+01
88 88 1.76000000000000000e+02
89 88 -8.80000000000000000e+01
88 89 -8.80000000000000000e+01
89 89 1.78000000000000000e+02
90 89 -8.90000000000000000e+01
89 90 -8.90000000000000000e+01
90 90 1.80000000000000000e+02
91 90 -9.00000000000000000e+01
90 91 -9.00000000000000000e+01
91 91 1.82000000000000000e+02
92 91 -9.10000000000000000e+01
91 92 -9.10000000000000000e+01
92 92 1.84000000000000000e+02
93 92 -9.20000000000000000e+01
92 93 -9.20000000000000000e+01
93 93 1.86000000000000000e+02
94 93 -9.30000000000000000e+01
93 94 -9.30000000000000000e+01
94 94 1.88000000000000000e+02
95 94 -9.40000000000000000e+01
94 95 -9.40000000000000000e+01
95 95 1.90000000000000000e+02
96 95 -9.50000000000000000e+01
95 96 -9.50000000000000000e+01
96 96 1.92000000000000000e+02
97 96 -9.60000000000000000e+01
96 97 -9.60000000000000000e+01
97 97 1.94000000000000000e+02
98 97 -9.70000000000000000e+01
97 98 -9.70000000000000000e+01
98 98 1.96000000000000000e+02
99 98 -9.80000000000000000e+01
98 99 -9.80000000000000000e+01
99 99 1.98000000000000000e+02
100 99 -9.90000000000000000e+01
99 100 -9.90000000000000000e+01
100 100 2.00000000000000000e+02
101 100 -1.00000000000000000e+02
100 101 -1.00000000000000000e+02
101 101 2.02000000000000000e+02
102 101 -1.01000000000000000e+02
101 102 -1.01000000000000000e+02
102 102 2.04000000000000000e+02
103 102 -1.02000000000000000e+02
102 103 -1.02000000000000000e+02
103 103 2.06000000000000000e+02
104 103 -1.03000000000000000e+02
103 104 -1.03000000000000000e+02
104 104 2.08000000000000000e+02
105 104 -1.04000000000000000e+02
104 105 -1.04000000000000000e+02
105 105 2.10000000000000000e+02
106 105 -1.05000000000000000e+02
105 106 -1.05000000000000000e+02
106 106 2.12000000000000000e+02
107 106 -1.06000000000000000e+02
106 107 -1.06000000000000000e+02
107 107 2.14000000000000000e+02
108 107 -1.07000000000000000e+02
107 108 -1.07000000000000000e+02
108 108 2.16000000000000000e+02
109 108 -1.08000000000000000e+02
108 109 -1.08000000000000000e+02
109 109 2.18000000000000000e+02
110 109 -1.09000000000000000e+02
109 110 -1.09000000000000000e+02
110 110 2.20000000000000000e+02
111 110 -1.10000000000000000e+02
110 111 -1.10000000000000000e+02
111 111 2.22000000000000000e+02
112 111 -1.11000000000000000e+02
111 112 -1.11000000000000000e+02
112 112 2.24000000000000000e+02
113 112 -1.12000000000000000e+02
112 113 -1.12000000000000000e+02
113 113 2.26000000000000000e+02
114 113 -1.13000000000000000e+02
113 114 -1.13000000000000000e+02
114 114 2.28000000000000000e+02
115 114 -1.14000000000000000e+02
114 115 -1.14000000000000000e+02
115 115 2.30000000000000000e+02
116 115 -1.15000000000000000e+02
115 116 -1.15000000000000000e+02
116 116 2.32000000000000000e+02
117 116 -1.16000000000000000e+02
116 117 -1.16000000000000000e+02
117 117 2.34000000000000000e+02
118 117 -1.17000000000000000e+02
117 118 -1.17000000000000000e+02
118 118 2.36000000000000000e+02
119 118 -1.18000000000000000e+02
118 119 -1.18000000000000000e+02
119 119 2.38000000000000000e+02
120 119 -1.19000000000000000e+02
119 120 -1.19000000000000000e+02
120 120 2.40000000000000000e+02
121 120 -1.20000000000000000e+02
120 121 -1.20000000000000000e+02
121 121 2.42000000000000000e+02
122 121 -1.21000000000000000e+02
121 122 -1.21000000000000000e+02
122 122 2.44000000000000000e+02
123 122 -1.22000000000000000e+02
122 123 -1.22000000000000000e+02
123 123 2.46000000000000000e+02
124 123 -1.23000000000000000e+02
123 124 -1.23000000000000000e+02
124 124 2.48000000000000000e+02
125 124 -1.24000000000000000e+02
124 125 -1.24000000000000000e+02
125 125 2.50000000000000000e+02
126 125 -1.25000000000000000e+02
125 126 -1.25000000000000000e+02
126 126 2.52000000000000000e+02
127 126 -1.26000000000000000e+02
126 127 -1.26000000000000000e+02
127 127 2.54000000000000000e+02
128 127 -1.27000000000000000e+02
127 128 -1.27000000000000000e+02
128 128 2.56000000000000000e+02
129 128 -1.28000000000000000e+02
128 129 -1.28000000000000000e+02
129 129 2.58000000000000000e+02
130 129 -1.29000000000000000e+02
129 130 -1.29000000000000000e+02
130 130 2.60000000000000000e+02
131 130 -1.30000000000000000e+02
130 131 -1.30000000000000000e+02
131 131 2.62000000000000000e+02
132 131 -1.31000000000000000e+02
131 132 -1.31000000000000000e+02
132 132 2.64000000000000000e+02
133 132 -1.32000000000000000e+02
132 133 -1.32000000000000000e+02
133 133 2.66000000000000000e+02
134 133 -1.33000000000000000e+02
133 134 -1.33000000000000000e+02
134 134 2.68000000000000000e+02
135 134 -1.34000000000000000e+02
134 135 -1.34000000000000000e+02
135 135 2.70000000000000000e+02
136 135 -1.35000000000000000e+02
135 136 -1.35000000000000000e+02
136 136 2.72000000000000000e+02
137 136 -1.36000000000000000e+02
136 137 -1.36000000000000000e+02
137 137 2.74000000000000000e+02
138 137 -1.37000000000000000e+02
137 138 -1.37000000000000000e+02
138 138 2.76000000000000000e+02
139 138 -1.38000000000000000e+02
138 139 -1.38000000000000000e+02
139 139 2.78000000000000000e+02
140 139 -1.39000000000000000e+02
139 140 -1.39000000000000000e+02
140 140 2.80000000000000000e+02
141 140 -1.40000000000000000e+02
140 141 -1.40000000000000000e+02
141 141 2.82000000000000000e+02
142 141 -1.41000000000000000e+02
141 142 -1.41000000000000000e+02
142 142 2.84000000000000000e+02
143 142 -1.42000000000000000e+02
142 143 -1.42000000000000000e+02
143 143 2.86000000000000000e+02
144 143 -1.43000000000000000e+02
143 144 -1.43000000000000000e+02
144 144 2.88000000000000000e+02
145 144 -1.44000000000000000e+02
144 145 -1.44000000000000000e+02
145 145 2.90000000000000000e+02
146 145 -1.45000000000000000e+02
145 146 -1.45000000000000000e+02
146 146 2.92000000000000000e+02
147 146 -1.46000000000000000e+02
146 147 -1.46000000000000000e+02
147 147 2.94000000000000000e+02
148 147 -1.47000000000000000e+02
147 148 -1.47000000000000000e+02
148 148 2.96000000000000000e+02
149 148 -1.48000000000000000e+02
148 149 -1.48000000000000000e+02
149 149 2.98000000000000000e+02
150 149 -1.49000000000000000e+02
149 150 -1.49000000000000000e+02
150 150 3.00000000000000000e+02
151 150 -1.50000000000000000e+02
150 151 -1.50000000000000000e+02
151 151 3.02000000000000000e+02
152 151 -1.51000000000000000e+02
151 152 -1.51000000000000000e+02
152 152 3.04000000000000000e+02
153 152 -1.52000000000000000e+02
152 153 -1.52000000000000000e+02
153 153 3.06000000000000000e+02
154 153 -1.53000000000000000e+02
153 154 -1.53000000000000000e+02
154 154 3.08000000000000000e+02
155 154 -1.54000000000000000e+02
154 155 -1.54000000000000000e+02
155 155 3.10000000000000000e+02
156 155 -1.55000000000000000e+02
155 156 -1.55000000000000000e+02
156 156 3.12000000000000000e+02
157 156 -1.56000000000000000e+02
156 157 -1.56000000000000000e+02
157 157 3.14000000000000000e+02
158 157 -1.57000000000000000e+02
157 158 -1.57000000000000000e+02
158 158 3.16000000000000000e+02
159 158 -1.58000000000000000e+02
158 159 -1.58000000000000000e+02
159 159 3.18000000000000000e+02
160 159 -1.59000000000000000e+02
159 160 -1.59000000000000000e+02
160 160 3.20000000000000000e+02
161 160 -1.60000000000000000e+02
160 161 -1.60000000000000000e+02
161 161 3.22000000000000000e+02
162 161 -1.61000000000000000e+02
161 162 -1.61000000000000000e+02
162 162 3.24000000000000000e+02
163 162 -1.62000000000000000e+02
162 163 -1.62000000000000000e+02
163 163 3.26000000000000000e+02
164 163 -1.63000000000000000e+02
163 164 -1.63000000000000000e+02
164 164 3.28000000000000000e+02
165 164 -1.64000000000000000e+02
164 165 -1.64000000000000000e+02
165 165 3.30000000000000000e+02
166 165 -1.65000000000000000e+02
165 166 -1.65000000000000000e+02
166 166 3.32000000000000000e+02
167 166 -1.66000000000000000e+02
166 167 -1.66000000000000000e+02
167 167 3.34000000000000000e+02
168 167 -1.67000000000000000e+02
167 168 -1.67000000000000000e+02
168 168 3.36000000000000000e+02
169 168 -1.68000000000000000e+02
168 169 -1.68000000000000000e+02
169 169 3.38000000000000000e+02
170 169 -1.69000000000000000e+02
169 170 -1.69000000000000000e+02
170 170 3.40000000000000000e+02
171 170 -1.70000000000000000e+02
170 171 -1.70000000000000000e+02
171 171 3.42000000000000000e+02
172 171 -1.71000000000000000e+02
171 172 -1.71000000000000000e+02
172 172 3.44000000000000000e+02
173 172 -1.72000000000000000e+02
172 173 -1.72000000000000000e+02
173 173 3.46000000000000000e+02
174 173 -1.73000000000000000e+02
173 174 -1.73000000000000000e+02
174 174 3.48000000000000000e+02
175 174 -1.74000000000000000e+02
174 175 -1.74000000000000000e+02
175 175 3.50000000000000000e+02
176 175 -1.75000000000000000e+02
175 176 -1.75000000000000000e+02
176 176 3.52000000000000000e+02
177 176 -1.76000000000000000e+02
176 177 -1.76000000000000000e+02
177 177 3.54000000000000000e+02
178 177 -1.77000000000000000e+02
177 178 -1.77000000000000000e+02
178 178 3.56000000000000000e+02
179 178 -1.78000000000000000e+02
178 179 -1.78000000000000000e+02
179 179 3.58000000000000000e+02
180 179 -1.79000000000000000e+02
179 180 -1.79000000000000000e+02
180 180 3.60000000000000000e+02
181 180 -1.80000000000000000e+02
180 181 -1.80000000000000000e+02
181 181 3.62000000000000000e+02
182 181 -1.81000000000000000e+02
181 182 -1.81000000000000000e+02
182 182 3.64000000000000000e+02
183 182 -1.82000000000000000e+02
182 183 -1.82000000000000000e+02
183 183 3.66000000000000000e+02
184 183 -1.83000000000000000e+02
183 184 -1.83000000000000000e+02
184 184 3.68000000000000000e+02
185 184 -1.84000000000000000e+02
184 185 -1.84000000000000000e+02
185 185 3.70000000000000000e+02
186 185 -1.85000000000000000e+02
185 186 -1.85000000000000000e+02
186 186 3.72000000000000000e+02
187 186 -1.86000000000000000e+02
186 187 -1.86000000000000000e+02
187 187 3.74000000000000000e+02
188 187 -1.87000000000000000e+02
187 188 -1.87000000000000000e+02
188 188 3.76000000000000000e+02
189 188 -1.88000000000000000e+02
188 189 -1.88000000000000000e+02
189 189 3.78000000000000000e+02
190 189 -1.89000000000000000e+02
189 190 -1.89000000000000000e+02
190 190 3.80000000000000000e+02
191 190 -1.90000000000000000e+02
190 191 -1.90000000000000000e+02
191 191 3.82000000000000000e+02
192 191 -1.91000000000000000e+02
191 192 -1.91000000000000000e+02
192 192 3.84000000000000000e+02
193 192 -1.92000000000000000e+02
192 193 -1.92000000000000000e+02
193 193 3.86000000000000000e+02
194 193 -1.93000000000000000e+02
193 194 -1.93000000000000000e+02
194 194 3.88000000000000000e+02
195 194 -1.94000000000000000e+02
194 195 -1.94000000000000000e+02
195 195 3.90000000000000000e+02
196 195 -1.95000000000000000e+02
195 196 -1.95000000000000000e+02
196 196 3.92000000000000000e+02
197 196 -1.96000000000000000e+02
196 197 -1.96000000000000000e+02
197 197 3.94000000000000000e+02
198 197 -1.97000000000000000e+02
197 198 -1.97000000000000000e+02
198 198 3.96000000000000000e+02
199 198 -1.98000000000000000e+02
198 199 -1.98000000000000000e+02
199 199 3.98000000000000000e+02
200 199 -1.99000000000000000e+02
199 200 -1.99000000000000000e+02
200 200 4.00000000000000000e+02
201 200 -2.00000000000000000e+02
200 201 -2.00000000000000000e+02
201 201 4.02000000000000000e+02
202 201 -2.01000000000000000e+02
201 202 -2.01000000000000000e+02
202 202 4.04000000000000000e+02
203 202 -2.02000000000000000e+02
202 203 -2.02000000000000000e+02
203 203 4.06000000000000000e+02
204 203 -2.03000000000000000e+02
203 204 -2.03000000000000000e+02
204 204 4.08000000000000000e+02
205 204 -2.04000000000000000e+02
204 205 -2.04000000000000000e+02
205 205 4.10000000000000000e+02
206 205 -2.05000000000000000e+02
205 206 -2.05000000000000000e+02
206 206 4.12000000000000000e+02
207 206 -2.06000000000000000e+02
206 207 -2.06000000000000000e+02
207 207 4.14000000000000000e+02
208 207 -2.07000000000000000e+02
207 208 -2.07000000000000000e+02
208 208 4.16000000000000000e+02
209 208 -2.08000000000000000e+02
208 209 -2.08000000000000000e+02
209 209 4.18000000000000000e+02
210 209 -2.09000000000000000e+02
209 210 -2.09000000000000000e+02
210 210 4.20000000000000000e+02
211 210 -2.10000000000000000e+02
210 211 -2.10000000000000000e+02
211 211 4.22000000000000000e+02
212 211 -2.11000000000000000e+02
211 212 -2.11000000000000000e+02
212 212 4.24000000000000000e+02
213 212 -2.12000000000000000e+02
212 213 -2.12000000000000000e+02
213 213 4.26000000000000000e+02
214 213 -2.13000000000000000e+02
213 214 -2.13000000000000000e+02
214 214 4.28000000000000000e+02
215 214 -2.14000000000000000e+02
214 215 -2.14000000000000000e+02
215 215 4.30000000000000000e+02
216 215 -2.15000000000000000e+02
215 216 -2.15000000000000000e+02
216 216 4.32000000000000000e+02
217 216 -2.16000000000000000e+02
216 217 -2.16000000000000000e+02
217 217 4.34000000000000000e+02
218 217 -2.17000000000000000e+02
217 218 -2.17000000000000000e+02
218 218 4.36000000000000000e+02
219 218 -2.18000000000000000e+02
218 219 -2.18000000000000000e+02
219 219 4.38000000000000000e+02
220 219 -2.19000000000000000e+02
219 220 -2.19000000000000000e+02
220 220 4.40000000000000000e+02
221 220 -2.20000000000000000e+02
220 221 -2.20000000000000000e+02
221 221 4.42000000000000000e+02
222 221 -2.21000000000000000e+02
221 222 -2.21000000000000000e+02
222 222 4.44000000000000000e+02
223 222 -2.22000000000000000e+02
222 223 -2.22000000000000000e+02
223 223 4.46000000000000000e+02
224 223 -2.23000000000000000e+02
223 224 -2.23000000000000000e+02
224 224 4.48000000000000000e+02
225 224 -2.24000000000000000e+02
224 225 -2.24000000000000000e+02
225 225 4.50000000000000000e+02
226 225 -2.25000000000000000e+02
225 226 -2.25000000000000000e+02
226 226 4.52000000000000000e+02
227 226 -2.26000000000000000e+02
226 227 -2.26000000000000000e+02
227 227 4.54000000000000000e+02
228 227 -2.27000000000000000e+02
227 228 -2.27000000000000000e+02
228 228 4.56000000000000000e+02
229 228 -2.28000000000000000e+02
228 229 -2.28000000000000000e+02
229 229 4.58000000000000000e+02
230 229 -2.29000000000000000e+02
229 230 -2.29000000000000000e+02
230 230 4.60000000000000000e+02
231 230 -2.30000000000000000e+02
230 231 -2.30000000000000000e+02
231 231 4.62000000000000000e+02
232 231 -2.31000000000000000e+02
231 232 -2.31000000000000000e+02
232 232 4.64000000000000000e+02
233 232 -2.32000000000000000e+02
232 233 -2.32000000000000000e+02
233 233 4.66000000000000000e+02
234 233 -2.33000000000000000e+02
233 234 -2.33000000000000000e+02
234 234 4.68000000000000000e+02
235 234 -2.34000000000000000e+02
234 235 -2.34000000000000000e+02
235 235 4.70000000000000000e+02
236 235 -2.35000000000000000e+02
235 236 -2.35000000000000000e+02
236 236 4.72000000000000000e+02
237 236 -2.36000000000000000e+02
236 237 -2.36000000000000000e+02
237 237 4.74000000000000000e+02
238 237 -2.37000000000000000e+02
237 238 -2.37000000000000000e+02
238 238 4.76000000000000000e+02
239 238 -2.38000000000000000e+02
238 239 -2.38000000000000000e+02
239 239 4.78000000000000000e+02
240 239 -2.39000000000000000e+02
239 240 -2.39000000000000000e+02
240 240 4.80000000000000000e+02
241 240 -2.40000000000000000e+02
240 241 -2.40000000000000000e+02
241 241 4.82000000000000000e+02
242 241 -2.41000000000000000e+02
241 242 -2.41000000000000000e+02
242 242 4.84000000000000000e+02
243 242 -2.42000000000000000e+02
242 243 -2.42000000000000000e+02
243 243 4.86000000000000000e+02
244 243 -2.43000000000000000e+02
243 244 -2.43000000000000000e+02
244 244 4.88000000000000000e+02
245 244 -2.44000000000000000e+02
244 245 -2.44000000000000000e+02
245 245 4.90000000000000000e+02
246 245 -2.45000000000000000e+02
245 246 -2.45000000000000000e+02
246 246 4.92000000000000000e+02
247 246 -2.46000000000000000e+02
246 247 -2.46000000000000000e+02
247 247 4.94000000000000000e+02
248 247 -2.47000000000000000e+02
247 248 -2.47000000000000000e+02
248 248 4.96000000000000000e+02
249 248 -2.48000000000000000e+02
248 249 -2.48000000000000000e+02
249 249 4.98000000000000000e+02
250 249 -2.49000000000000000e+02
249 250 -2.49000000000000000e+02
250 250 5.00000000000000000e+02
251 250 -2.50000000000000000e+02
250 251 -2.50000000000000000e+02
251 251 5.02000000000000000e+02
252 251 -2.51000000000000000e+02
251 252 -2.51000000000000000e+02
252 252 5.04000000000000000e+02
253 252 -2.52000000000000000e+02
252 253 -2.52000000000000000e+02
253 253 5.06000000000000000e+02
254 253 -2.53000000000000000e+02
253 254 -2.53000000000000000e+02
254 254 5.08000000000000000e+02
255 254 -2.54000000000000000e+02
254 255 -2.54000000000000000e+02
255 255 5.10000000000000000e+02
256 255 -2.55000000000000000e+02
255 256 -2.55000000000000000e+02
256 256 5.12000000000000000e+02
257 256 -2.56000000000000000e+02
256 257 -2.56000000000000000e+02
257 257 5.14000000000000000e+02
258 257 -2.57000000000000000e+02
257 258 -2.57000000000000000e+02
258 258 5.16000000000000000e+02
259 258 -2.58000000000000000e+02
258 259 -2.58000000000000000e+02
259 259 5.18000000000000000e+02
260 259 -2.59000000000000000e+02
259 260 -2.59000000000000000e+02
260 260 5.20000000000000000e+02
261 260 -2.60000000000000000e+02
260 261 -2.60000000000000000e+02
261 261 5.22000000000000000e+02
262 261 -2.61000000000000000e+02
261 262 -2.61000000000000000e+02
262 262 5.24000000000000000e+02
263 262 -2.62000000000000000e+02
262 263 -2.62000000000000000e+02
263 263 5.26000000000000000e+02
264 263 -2.63000000000000000e+02
263 264 -2.63000000000000000e+02
264 264 5.28000000000000000e+02
265 264 -2.64000000000000000e+02
264 265 -2.64000000000000000e+02
265 265 5.30000000000000000e+02
266 265 -2.65000000000000000e+02
265 266 -2.65000000000000000e+02
266 266 5.32000000000000000e+02
267 266 -2.66000000000000000e+02
266 267 -2.66000000000000000e+02
267 267 5.34000000000000000e+02
268 267 -2.67000000000000000e+02
267 268 -2.67000000000000000e+02
268 268 5.36000000000000000e+02
269 268 -2.68000000000000000e+02
268 269 -2.68000000000000000e+02
269 269 5.38000000000000000e+02
270 269 -2.69000000000000000e+02
269 270 -2.69000000000000000e+02
270 270 5.40000000000000000e+02
271 270 -2.70000000000000000e+02
270 271 -2.70000000000000000e+02
271 271 5.42000000000000000e+02
272 271 -2.71000000000000000e+02
271 272 -2.71000000000000000e+02
272 272 5.44000000000000000e+02
273 272 -2.72000000000000000e+02
272 273 -2.72000000000000000e+02
273 273 5.46000000000000000e+02
274 273 -2.73000000000000000e+02
273 274 -2.73000000000000000e+02
274 274 5.48000000000000000e+02
275 274 -2.74000000000000000e+02
274 275 -2.74000000000000000e+02
275 275 5.50000000000000000e+02
276 275 -2.75000000000000000e+02
275 276 -2.75000000000000000e+02
276 276 5.52000000000000000e+02
277 276 -2.76000000000000000e+02
276 277 -2.76000000000000000e+02
277 277 5.54000000000000000e+02
278 277 -2.77000000000000000e+02
277 278 -2.77000000000000000e+02
278 278 5.56000000000000000e+02
279 278 -2.78000000000000000e+02
278 279 -2.78000000000000000e+02
279 279 5.58000000000000000e+02
280 279 -2.79000000000000000e+02
279 280 -2.79000000000000000e+02
280 280 5.60000000000000000e+02
281 280 -2.80000000000000000e+02
280 281 -2.80000000000000000e+02
281 281 5.62000000000000000e+02
282 281 -2.81000000000000000e+02
281 282 -2.81000000000000000e+02
282 282 5.64000000000000000e+02
283 282 -2.82000000000000000e+02
282 283 -2.82000000000000000e+02
283 283 5.66000000000000000e+02
284 283 -2.83000000000000000e+02
283 284 -2.83000000000000000e+02
284 284 5.68000000000000000e+02
285 284 -2.84000000000000000e+02
284 285 -2.84000000000000000e+02
285 285 5.70000000000000000e+02
286 285 -2.85000000000000000e+02
285 286 -2.85000000000000000e+02
286 286 5.72000000000000000e+02
287 286 -2.86000000000000000e+02
286 287 -2.86000000000000000e+02
287 287 5.74000000000000000e+02
288 287 -2.87000000000000000e+02
287 288 -2.87000000000000000e+02
288 288 5.76000000000000000e+02
289 288 -2.88000000000000000e+02
288 289 -2.88000000000000000e+02
289 289 5.78000000000000000e+02
290 289 -2.89000000000000000e+02
289 290 -2.89000000000000000e+02
290 290 5.80000000000000000e+02
291 290 -2.90000000000000000e+02
290 291 -2.90000000000000000e+02
291 291 5.82000000000000000e+02
292 291 -2.91000000000000000e+02
291 292 -2.91000000000000000e+02
292 292 5.84000000000000000e+02
293 292 -2.92000000000000000e+02
292 293 -2.92000000000000000e+02
293 293 5.86000000000000000e+02
294 293 -2.93000000000000000e+02
293 294 -2.93000000000000000e+02
294 294 5.88000000000000000e+02
295 294 -2.94000000000000000e+02
294 295 -2.94000000000000000e+02
295 295 5.90000000000000000e+02
296 295 -2.95000000000000000e+02
295 296 -2.95000000000000000e+02
296 296 5.92000000000000000e+02
297 296 -2.96000000000000000e+02
296 297 -2.96000000000000000e+02
297 297 5.94000000000000000e+02
298 297 -2.97000000000000000e+02
297 298 -2.97000000000000000e+02
298 298 5.96000000000000000e+02
299 298 -2.98000000000000000e+02
298 299 -2.98000000000000000e+02
299 299 5.98000000000000000e+02
300 299 -2.99000000000000000e+02
299 300 -2.99000000000000000e+02
300 300 6.00000000000000000e+02
301 300 -3.00000000000000000e+02
300 301 -3.00000000000000000e+02
301 301 6.02000000000000000e+02
302 301 -3.01000000000000000e+02
301 302 -3.01000000000000000e+02
302 302 6.04000000000000000e+02
303 302 -3.02000000000000000e+02
302 303 -3.02000000000000000e+02
303 303 6.06000000000000000e+02
304 303 -3.03000000000000000e+02
303 304 -3.03000000000000000e+02
304 304 6.08000000000000000e+02
305 304 -3.04000000000000000e+02
304 305 -3.04000000000000000e+02
305 305 6.10000000000000000e+02
306 305 -3.05000000000000000e+02
305 306 -3.05000000000000000e+02
306 306 6.12000000000000000e+02
307 306 -3.06000000000000000e+02
306 307 -3.06000000000000000e+02
307 307 6.14000000000000000e+02
308 307 -3.07000000000000000e+02
307 308 -3.07000000000000000e+02
308 308 6.16000000000000000e+02
309 308 -3.08000000000000000e+02
308 309 -3.08000000000000000e+02
309 309 6.18000000000000000e+02
310 309 -3.09000000000000000e+02
309 310 -3.09000000000000000e+02
310 310 6.20000000000000000e+02
311 310 -3.10000000000000000e+02
310 311 -3.10000000000000000e+02
311 311 6.22000000000000000e+02
312 311 -3.11000000000000000e+02
311 312 -3.11000000000000000e+02
312 312 6.24000000000000000e+02
313 312 -3.12000000000000000e+02
312 313 -3.12000000000000000e+02
313 313 6.26000000000000000e+02
314 313 -3.13000000000000000e+02
313 314 -3.13000000000000000e+02
314 314 6.28000000000000000e+02
315 314 -3.14000000000000000e+02
314 315 -3.14000000000000000e+02
315 315 6.30000000000000000e+02
316 315 -3.15000000000000000e+02
315 316 -3.15000000000000000e+02
316 316 6.32000000000000000e+02
317 316 -3.16000000000000000e+02
316 317 -3.16000000000000000e+02
317 317 6.34000000000000000e+02
318 317 -3.17000000000000000e+02
317 318 -3.17000000000000000e+02
318 318 6.36000000000000000e+02
319 318 -3.18000000000000000e+02
318 319 -3.18000000000000000e+02
319 319 6.38000000000000000e+02
320 319 -3.19000000000000000e+02
319 320 -3.19000000000000000e+02
320 320 6.40000000000000000e+02
321 320 -3.20000000000000000e+02
320 321 -3.20000000000000000e+02
321 321 6.42000000000000000e+02
322 321 -3.21000000000000000e+02
321 322 -3.21000000000000000e+02
322 322 6.44000000000000000e+02
323 322 -3.22000000000000000e+02
322 323 -3.22000000000000000e+02
323 323 6.46000000000000000e+02
324 323 -3.23000000000000000e+02
323 324 -3.23000000000000000e+02
324 324 6.48000000000000000e+02
325 324 -3.24000000000000000e+02
324 325 -3.24000000000000000e+02
325 325 6.50000000000000000e+02
326 325 -3.25000000000000000e+02
325 326 -3.25000000000000000e+02
326 326 6.52000000000000000e+02
327 326 -3.26000000000000000e+02
326 327 -3.26000000000000000e+02
327 327 6.54000000000000000e+02
328 327 -3.27000000000000000e+02
327 328 -3.27000000000000000e+02
328 328 6.56000000000000000e+02
329 328 -3.28000000000000000e+02
328 329 -3.28000000000000000e+02
329 329 6.58000000000000000e+02
330 329 -3.29000000000000000e+02
329 330 -3.29000000000000000e+02
330 330 6.60000000000000000e+02
331 330 -3.30000000000000000e+02
330 331 -3.30000000000000000e+02
331 331 6.62000000000000000e+02
332 331 -3.31000000000000000e+02
331 332 -3.31000000000000000e+02
332 332 6.64000000000000000e+02
333 332 -3.32000000000000000e+02
332 333 -3.32000000000000000e+02
333 333 6.66000000000000000e+02
334 333 -3.33000000000000000e+02
333 334 -3.33000000000000000e+02
334 334 6.68000000000000000e+02
335 334 -3.34000000000000000e+02
334 335 -3.34000000000000000e+02
335 335 6.70000000000000000e+02
336 335 -3.35000000000000000e+02
335 336 -3.35000000000000000e+02
336 336 6.72000000000000000e+02
337 336 -3.36000000000000000e+02
336 337 -3.36000000000000000e+02
337 337 6.74000000000000000e+02
338 337 -3.37000000000000000e+02
337 338 -3.37000000000000000e+02
338 338 6.76000000000000000e+02
339 338 -3.38000000000000000e+02
338 339 -3.38000000000000000e+02
339 339 6.78000000000000000e+02
340 339 -3.39000000000000000e+02
339 340 -3.39000000000000000e+02
340 340 6.80000000000000000e+02
341 340 -3.40000000000000000e+02
340 341 -3.40000000000000000e+02
341 341 6.82000000000000000e+02
342 341 -3.41000000000000000e+02
341 342 -3.41000000000000000e+02
342 342 6.84000000000000000e+02
343 342 -3.42000000000000000e+02
342 343 -3.42000000000000000e+02
343 343 6.86000000000000000e+02
344 343 -3.43000000000000000e+02
343 344 -3.43000000000000000e+02
344 344 6.88000000000000000e+02
345 344 -3.44000000000000000e+02
344 345 -3.44000000000000000e+02
345 345 6.90000000000000000e+02
346 345 -3.45000000000000000e+02
345 346 -3.45000000000000000e+02
346 346 6.92000000000000000e+02
347 346 -3.46000000000000000e+02
346 347 -3.46000000000000000e+02
347 347 6.94000000000000000e+02
348 347 -3.47000000000000000e+02
347 348 -3.47000000000000000e+02
348 348 6.96000000000000000e+02
349 348 -3.48000000000000000e+02
348 349 -3.48000000000000000e+02
349 349 6.98000000000000000e+02
350 349 -3.49000000000000000e+02
349 350 -3.49000000000000000e+02
350 350 7.00000000000000000e+02
351 350 -3.50000000000000000e+02
350 351 -3.50000000000000000e+02
351 351 7.02000000000000000e+02
352 351 -3.51000000000000000e+02
351 352 -3.51000000000000000e+02
352 352 7.04000000000000000e+02
353 352 -3.52000000000000000e+02
352 353 -3.52000000000000000e+02
353 353 7.06000000000000000e+02
354 353 -3.53000000000000000e+02
353 354 -3.53000000000000000e+02
354 354 7.08000000000000000e+02
355 354 -3.54000000000000000e+02
354 355 -3.54000000000000000e+02
355 355 7.10000000000000000e+02
356 355 -3.55000000000000000e+02
355 356 -3.55000000000000000e+02
356 356 7.12000000000000000e+02
357 356 -3.56000000000000000e+02
356 357 -3.56000000000000000e+02
357 357 7.14000000000000000e+02
358 357 -3.57000000000000000e+02
357 358 -3.57000000000000000e+02
358 358 7.16000000000000000e+02
359 358 -3.58000000000000000e+02
358 359 -3.58000000000000000e+02
359 359 7.18000000000000000e+02
360 359 -3.59000000000000000e+02
359 360 -3.59000000000000000e+02
360 360 7.20000000000000000e+02
361 360 -3.60000000000000000e+02
360 361 -3.60000000000000000e+02
361 361 7.22000000000000000e+02
362 361 -3.61000000000000000e+02
361 362 -3.61000000000000000e+02
362 362 7.24000000000000000e+02
363 362 -3.62000000000000000e+02
362 363 -3.62000000000000000e+02
363 363 7.26000000000000000e+02
364 363 -3.63000000000000000e+02
363 364 -3.63000000000000000e+02
364 364 7.28000000000000000e+02
365 364 -3.64000000000000000e+02
364 365 -3.64000000000000000e+02
365 365 7.30000000000000000e+02
366 365 -3.65000000000000000e+02
365 366 -3.65000000000000000e+02
366 366 7.32000000000000000e+02
367 366 -3.66000000000000000e+02
366 367 -3.66000000000000000e+02
367 367 7.34000000000000000e+02
368 367 -3.67000000000000000e+02
367 368 -3.67000000000000000e+02
368 368 7.36000000000000000e+02
369 368 -3.68000000000000000e+02
368 369 -3.68000000000000000e+02
369 369 7.38000000000000000e+02
370 369 -3.69000000000000000e+02
369 370 -3.69000000000000000e+02
370 370 7.40000000000000000e+02
371 370 -3.70000000000000000e+02
370 371 -3.70000000000000000e+02
371 371 7.42000000000000000e+02
372 371 -3.71000000000000000e+02
371 372 -3.71000000000000000e+02
372 372 7.44000000000000000e+02
373 372 -3.72000000000000000e+02
372 373 -3.72000000000000000e+02
373 373 7.46000000000000000e+02
374 373 -3.73000000000000000e+02
373 374 -3.73000000000000000e+02
374 374 7.48000000000000000e+02
375 374 -3.74000000000000000e+02
374 375 -3.74000000000000000e+02
375 375 7.50000000000000000e+02
376 375 -3.75000000000000000e+02
375 376 -3.75000000000000000e+02
376 376 7.52000000000000000e+02
377 376 -3.76000000000000000e+02
376 377 -3.76000000000000000e+02
377 377 7.54000000000000000e+02
378 377 -3.77000000000000000e+02
377 378 -3.77000000000000000e+02
378 378 7.56000000000000000e+02
379 378 -3.78000000000000000e+02
378 379 -3.78000000000000000e+02
379 379 7.58000000000000000e+02
380 379 -3.79000000000000000e+02
379 380 -3.79000000000000000e+02
380 380 7.60000000000000000e+02
381 380 -3.80000000000000000e+02
380 381 -3.80000000000000000e+02
381 381 7.62000000000000000e+02
382 381 -3.81000000000000000e+02
381 382 -3.81000000000000000e+02
382 382 7.64000000000000000e+02
383 382 -3.82000000000000000e+02
382 383 -3.82000000000000000e+02
383 383 7.66000000000000000e+02
384 383 -3.83000000000000000e+02
383 384 -3.83000000000000000e+02
384 384 7.68000000000000000e+02
385 384 -3.84000000000000000e+02
384 385 -3.84000000000000000e+02
385 385 7.70000000000000000e+02
386 385 -3.85000000000000000e+02
385 386 -3.85000000000000000e+02
386 386 7.72000000000000000e+02
387 386 -3.86000000000000000e+02
386 387 -3.86000000000000000e+02
387 387 7.74000000000000000e+02
388 387 -3.87000000000000000e+02
387 388 -3.87000000000000000e+02
388 388 7.76000000000000000e+02
389 388 -3.88000000000000000e+02
388 389 -3.88000000000000000e+02
389 389 7.78000000000000000e+02
390 389 -3.89000000000000000e+02
389 390 -3.89000000000000000e+02
390 390 7.80000000000000000e+02
391 390 -3.90000000000000000e+02
390 391 -3.90000000000000000e+02
391 391 7.82000000000000000e+02
392 391 -3.91000000000000000e+02
391 392 -3.91000000000000000e+02
392 392 7.84000000000000000e+02
393 392 -3.92000000000000000e+02
392 393 -3.92000000000000000e+02
393 393 7.86000000000000000e+02
394 393 -3.93000000000000000e+02
393 394 -3.93000000000000000e+02
394 394 7.88000000000000000e+02
395 394 -3.94000000000000000e+02
394 395 -3.94000000000000000e+02
395 395 7.90000000000000000e+02
396 395 -3.95000000000000000e+02
395 396 -3.95000000000000000e+02
396 396 7.92000000000000000e+02
397 396 -3.96000000000000000e+02
396 397 -3.96000000000000000e+02
397 397 7.94000000000000000e+02
398 397 -3.97000000000000000e+02
397 398 -3.97000000000000000e+02
398 398 7.96000000000000000e+02
399 398 -3.98000000000000000e+02
398 399 -3.98000000000000000e+02
399 399 7.98000000000000000e+02
400 399 -3.99000000000000000e+02
399 400 -3.99000000000000000e+02
400 400 8.00000000000000000e+02
401 400 -4.00000000000000000e+02
400 401 -4.00000000000000000e+02
401 401 8.02000000000000000e+02
402 401 -4.01000000000000000e+02
401 402 -4.01000000000000000e+02
402 402 8.04000000000000000e+02
403 402 -4.02000000000000000e+02
402 403 -4.02000000000000000e+02
403 403 8.06000000000000000e+02
404 403 -4.03000000000000000e+02
403 404 -4.03000000000000000e+02
404 404 8.08000000000000000e+02
405 404 -4.04000000000000000e+02
404 405 -4.04000000000000000e+02
405 405 8.10000000000000000e+02
406 405 -4.05000000000000000e+02
405 406 -4.05000000000000000e+02
406 406 8.12000000000000000e+02
407 406 -4.06000000000000000e+02
406 407 -4.06000000000000000e+02
407 407 8.14000000000000000e+02
408 407 -4.07000000000000000e+02
407 408 -4.07000000000000000e+02
408 408 8.16000000000000000e+02
409 408 -4.08000000000000000e+02
408 409 -4.08000000000000000e+02
409 409 8.18000000000000000e+02
410 409 -4.09000000000000000e+02
409 410 -4.09000000000000000e+02
410 410 8.20000000000000000e+02
411 410 -4.10000000000000000e+02
410 411 -4.10000000000000000e+02
411 411 8.22000000000000000e+02
412 411 -4.11000000000000000e+02
411 412 -4.11000000000000000e+02
412 412 8.24000000000000000e+02
413 412 -4.12000000000000000e+02
412 413 -4.12000000000000000e+02
413 413 8.26000000000000000e+02
414 413 -4.13000000000000000e+02
413 414 -4.13000000000000000e+02
414 414 8.28000000000000000e+02
415 414 -4.14000000000000000e+02
414 415 -4.14000000000000000e+02
